6.566633033336742
4.3261345512631255
5.280810017179045
4.664033051116645
4.350208222976031
4.641673401413438
6.968445722677396
3.330991115200777
3.682663662567302
3.2475931032619325
3.2482837411889287
3.3399134858370756
3.398398828985883
3.3353321509234544
3.076381818902865
3.3713179426865674
3.54947555085446
3.156759482294116
2.8766108373155053
3.050318036724443
2.996001654217155
2.9211628605148983
2.9985203533366453
2.7247080660537666
2.8595338624065474
2.821752026825796
2.7014587993824444
2.8033581674724726
2.6797335163008364
3.0201305927085498
2.593429487944221
2.7827670263774458
2.6289690910429218
2.593243625093976
2.739869630964666
2.5331557568182927
2.5177294424307255
2.821095784788766
2.4472320805370757
3.1875563375439855
2.4061279606668893
2.5919208399527487
2.3805169390534284
2.513588630221744
2.419130636723697
2.624570843335664
2.292580158228164
2.5874462671743808
2.234779556142466
2.354889665938562
2.5196188885272304
2.312006680069216
2.2087286109389557
2.4106862038261063
2.3460623977139003
2.384645258904418
2.147946219070665
2.141437390771627
2.268114498821925
2.2176151027865143
2.1802640998066973
2.0454237289240575
2.052525354367913
2.0952588790289894
2.348099769353828
2.0605787663393182
2.3050533677643017
2.0486106701077946
2.168621180452009
1.971341309807003
1.98392797531658
2.103849304211662
2.129806652019816
2.05394793471764
2.123798022739905
1.9720524280295295
1.9355153375353662
1.9589032539886064
2.078696487785923
2.1150912261617645
2.5704348228853284
1.938379131098399
2.0615011568077226
2.088118682777207
2.611557391015511
1.9382494574981048
2.1740956545907397
1.8766675089340945
1.8694857242557053
1.8711963763488322
1.9981668569167181
1.877309542291044
1.8631047239104506
1.9480341342317007
1.9102354745338794
1.8351428943147843
2.097145802388134
1.8322282261008624
1.9708315353804668
1.8714868635211928
2.1877773175877118
